[gd_scene load_steps=9 format=2]

[ext_resource path="res://logo.png" type="Texture" id=1]
[ext_resource path="res://Theme.tres" type="Theme" id=2]
[ext_resource path="res://space1.png" type="Texture" id=3]
[ext_resource path="res://Spin.gd" type="Script" id=4]
[ext_resource path="res://Menu.gd" type="Script" id=5]
[ext_resource path="res://Explorer.tscn" type="PackedScene" id=6]

[sub_resource type="PanoramaSky" id=1]
panorama = ExtResource( 3 )

[sub_resource type="Environment" id=2]
background_mode = 2
background_sky = SubResource( 1 )
glow_intensity = 8.0
glow_strength = 1.02
glow_hdr_threshold = 0.44

[node name="Menu" type="Node2D"]
script = ExtResource( 5 )

[node name="Explorer" parent="." instance=ExtResource( 6 )]
transform = Transform( -0.81534, 0, 0.578982, 0, 1, 0, -0.578982, 0, -0.81534, 0, 0, 0 )

[node name="DirectionalLight" type="DirectionalLight" parent="Explorer"]
transform = Transform( -0.726121, 0.541517, -0.423682, 0.206418, 0.759468, 0.616927, 0.65585, 0.360509, -0.663245, 0, 3.38272, 0 )

[node name="Sprite" type="Sprite" parent="."]
position = Vector2( 120, 77.5 )
scale = Vector2( 0.5, 0.5 )
texture = ExtResource( 1 )

[node name="VBoxContainer" type="VBoxContainer" parent="."]
margin_left = 8.0
margin_top = 144.0
margin_right = 243.0
margin_bottom = 304.0
custom_constants/separation = 14
__meta__ = {
"_edit_use_anchors_": false
}

[node name="PlayOnline" type="Button" parent="VBoxContainer"]
margin_right = 235.0
margin_bottom = 44.0
size_flags_vertical = 3
theme = ExtResource( 2 )
text = "JOIN A CREW"
__meta__ = {
"_edit_use_anchors_": false
}

[node name="Options" type="Button" parent="VBoxContainer"]
margin_top = 58.0
margin_right = 235.0
margin_bottom = 102.0
size_flags_vertical = 3
theme = ExtResource( 2 )
text = "OPTIONS"
__meta__ = {
"_edit_use_anchors_": false
}

[node name="Quit" type="Button" parent="VBoxContainer"]
margin_top = 116.0
margin_right = 235.0
margin_bottom = 160.0
size_flags_vertical = 3
theme = ExtResource( 2 )
text = "QUIT"
__meta__ = {
"_edit_use_anchors_": false
}

[node name="WorldEnvironment" type="WorldEnvironment" parent="."]
environment = SubResource( 2 )

[node name="Spin" type="Spatial" parent="."]
script = ExtResource( 4 )

[node name="Camera" type="Camera" parent="Spin"]
transform = Transform( 1, 0, 0, 0, 0.951089, 0.308917, 0, -0.308917, 0.951089, 0, 12.811, 26.9304 )

[connection signal="pressed" from="VBoxContainer/PlayOnline" to="." method="join"]
[connection signal="pressed" from="VBoxContainer/Quit" to="." method="quit"]
